3 4 1 15.0 2 30.5 3 62.0 4 89.65 5 4 86.45 3 67.9 2 27.0 7 245.7 6 186.7 1 2 43.0
2 2 2 34.5 4 135.87 4 1 15.3 2 45.0 3 67.56 4 89.79
4 3 1 13.0 1 13.0 1 13.0 2 2 35.0 2 35.0 2 3 76.0 3 76.0 1 4 146.0
3 4 1 15.0 2 30.5 3 62.0 4 89.65 5 4 86.45 3 67.9 2 27.0 7 245.7 6 186.7 1 2 43.0
2 2 2 34.5 4 135.87 4 1 15.3 2 45.0 3 67.56 4 89.79
4 3 1 13.0 1 13.0 1 13.0 2 2 35.0 2 35.0 2 3 76.0 3 76.0 1 4 146.0
3 4 1 15.0 2 30.5 3 62.0 4 89.65 5 4 86.45 3 67.9 2 27.0 7 245.7 6 186.7 1 2 43.0
2 2 2 34.5 4 135.87 4 1 15.3 2 45.0 3 67.56 4 89.79
4 3 1 13.0 1 13.0 1 13.0 2 2 35.0 2 35.0 2 3 76.0 3 76.0 1 4 146.0
3 4 1 15.0 2 30.5 3 62.0 4 89.65 5 4 86.45 3 67.9 2 27.0 7 245.7 6 186.7 1 2 43.0
2 2 2 34.5 4 135.87 4 1 15.3 2 45.0 3 67.56 4 89.79
4 3 1 13.0 1 13.0 1 13.0 2 2 35.0 2 35.0 2 3 76.0 3 76.0 1 4 146.0
3 4 1 15.0 2 30.5 3 62.0 4 89.65 5 4 86.45 3 67.9 2 27.0 7 245.7 6 186.7 1 2 43.0
2 2 2 34.5 4 135.87 4 1 15.3 2 45.0 3 67.56 4 89.79
4 3 1 13.0 1 13.0 1 13.0 2 2 35.0 2 35.0 2 3 76.0 3 76.0 1 4 146.0
3 4 1 15.0 2 30.5 3 62.0 4 89.65 5 4 86.45 3 67.9 2 27.0 7 245.7 6 186.7 1 2 43.0
2 2 2 34.5 4 135.87 4 1 15.3 2 45.0 3 67.56 4 89.79
4 3 1 13.0 1 13.0 1 13.0 2 2 35.0 2 35.0 2 3 76.0 3 76.0 1 4 146.0
3 4 1 15.0 2 30.5 3 62.0 4 89.65 5 4 86.45 3 67.9 2 27.0 7 245.7 6 186.7 1 2 43.0
2 2 2 34.5 4 135.87 4 1 15.3 2 45.0 3 67.56 4 89.79
4 3 1 13.0 1 13.0 1 13.0 2 2 35.0 2 35.0 2 3 76.0 3 76.0 1 4 146.0
3 4 1 15.0 2 30.5 3 62.0 4 89.65 5 4 86.45 3 67.9 2 27.0 7 245.7 6 186.7 1 2 43.0
2 2 2 34.5 4 135.87 4 1 15.3 2 45.0 3 67.56 4 89.79
4 3 1 13.0 1 13.0 1 13.0 2 2 35.0 2 35.0 2 3 76.0 3 76.0 1 4 146.0
3 4 1 15.0 2 30.5 3 62.0 4 89.65 5 4 86.45 3 67.9 2 27.0 7 245.7 6 186.7 1 2 43.0
2 2 2 34.5 4 135.87 4 1 15.3 2 45.0 3 67.56 4 89.79
4 3 1 13.0 1 13.0 1 13.0 2 2 35.0 2 35.0 2 3 76.0 3 76.0 1 4 146.0
3 4 1 15.0 2 30.5 3 62.0 4 89.65 5 4 86.45 3 67.9 2 27.0 7 245.7 6 186.7 1 2 43.0
2 2 2 34.5 4 135.87 4 1 15.3 2 45.0 3 67.56 4 89.79
4 3 1 13.0 1 13.0 1 13.0 2 2 35.0 2 35.0 2 3 76.0 3 76.0 1 4 146.0
3 4 1 15.0 2 30.5 3 62.0 4 89.65 5 4 86.45 3 67.9 2 27.0 7 245.7 6 186.7 1 2 43.0
2 2 2 34.5 4 135.87 4 1 15.3 2 45.0 3 67.56 4 89.79
4 3 1 13.0 1 13.0 1 13.0 2 2 35.0 2 35.0 2 3 76.0 3 76.0 1 4 146.0
3 4 1 15.0 2 30.5 3 62.0 4 89.65 5 4 86.45 3 67.9 2 27.0 7 245.7 6 186.7 1 2 43.0
2 2 2 34.5 4 135.87 4 1 15.3 2 45.0 3 67.56 4 89.79
4 3 1 13.0 1 13.0 1 13.0 2 2 35.0 2 35.0 2 3 76.0 3 76.0 1 4 146.0
3 4 1 15.0 2 30.5 3 62.0 4 89.65 5 4 86.45 3 67.9 2 27.0 7 245.7 6 186.7 1 2 43.0
2 2 2 34.5 4 135.87 4 1 15.3 2 45.0 3 67.56 4 89.79
4 3 1 13.0 1 13.0 1 13.0 2 2 35.0 2 35.0 2 3 76.0 3 76.0 1 4 146.0
3 4 1 15.0 2 30.5 3 62.0 4 89.65 5 4 86.45 3 67.9 2 27.0 7 245.7 6 186.7 1 2 43.0
2 2 2 34.5 4 135.87 4 1 15.3 2 45.0 3 67.56 4 89.79
4 3 1 13.0 1 13.0 1 13.0 2 2 35.0 2 35.0 2 3 76.0 3 76.0 1 4 146.0
3 4 1 15.0 2 30.5 3 62.0 4 89.65 5 4 86.45 3 67.9 2 27.0 7 245.7 6 186.7 1 2 43.0
2 2 2 34.5 4 135.87 4 1 15.3 2 45.0 3 67.56 4 89.79
4 3 1 13.0 1 13.0 1 13.0 2 2 35.0 2 35.0 2 3 76.0 3 76.0 1 4 146.0
3 4 1 15.0 2 30.5 3 62.0 4 89.65 5 4 86.45 3 67.9 2 27.0 7 245.7 6 186.7 1 2 43.0
2 2 2 34.5 4 135.87 4 1 15.3 2 45.0 3 67.56 4 89.79
4 3 1 13.0 1 13.0 1 13.0 2 2 35.0 2 35.0 2 3 76.0 3 76.0 1 4 146.0
3 4 1 15.0 2 30.5 3 62.0 4 89.65 5 4 86.45 3 67.9 2 27.0 7 245.7 6 186.7 1 2 43.0
2 2 2 34.5 4 135.87 4 1 15.3 2 45.0 3 67.56 4 89.79
4 3 1 13.0 1 13.0 1 13.0 2 2 35.0 2 35.0 2 3 76.0 3 76.0 1 4 146.0
3 4 1 15.0 2 30.5 3 62.0 4 89.65 5 4 86.45 3 67.9 2 27.0 7 245.7 6 186.7 1 2 43.0
2 2 2 34.5 4 135.87 4 1 15.3 2 45.0 3 67.56 4 89.79
4 3 1 13.0 1 13.0 1 13.0 2 2 35.0 2 35.0 2 3 76.0 3 76.0 1 4 146.0